a=6+12,b=sin(a),c=sinh(a)

a =

    18


b =

   -0.7510


c =

   3.2830e+07

>> 8/(9+10^2)+11/12*13/14

ans =

    0.9246

>> 8/9+10^2+11/12*13/14

ans =

  101.7401

>> diary off